0.0104718, 
0.0139622, 
0.0193138, 
0.0252852, 
0.0314624, 
0.0377074, 
0.0439739, 
0.0502462, 
0.0565192, 
0.0627907, 
0.0690601, 
0.0753268, 
0.0815906, 
0.0878512, 
0.0941083, 
0.100362, 
0.106611, 
0.112856, 
0.119097, 
0.125333, 
0.131564, 
0.13779, 
0.144011, 
0.150226, 
0.156434, 
0.162637, 
0.168833, 
0.175023, 
0.181206, 
0.187381, 
0.193549, 
0.19971, 
0.205863, 
0.212007, 
0.218143, 
0.224271, 
0.230389, 
0.236499, 
0.242599, 
0.24869, 
0.254771, 
0.260842, 
0.266902, 
0.272952, 
0.278991, 
0.285019, 
0.291036, 
0.297042, 
0.303035, 
0.309017, 
0.314987, 
0.320944, 
0.326888, 
0.33282, 
0.338738, 
0.344643, 
0.350534, 
0.356412, 
0.362275, 
0.368125, 
0.373959, 
0.379779, 
0.385584, 
0.391374, 
0.397148, 
0.402906, 
0.408649, 
0.414376, 
0.420086, 
0.425779, 
0.431456, 
0.437116, 
0.442758, 
0.448383, 
0.45399, 
0.45958, 
0.465151, 
0.470704, 
0.476238, 
0.481754, 
0.48725, 
0.492727, 
0.498185, 
0.503623, 
0.509041, 
0.51444, 
0.519817, 
0.525175, 
0.530511, 
0.535827, 
0.541121, 
0.546394, 
0.551646, 
0.556876, 
0.562083, 
0.567269, 
0.572432, 
0.577573, 
0.58269, 
0.587785, 
0.592857, 
0.597905, 
0.60293, 
0.60793, 
0.612907, 
0.61786, 
0.622788, 
0.627691, 
0.63257, 
0.637424, 
0.642253, 
0.647056, 
0.651834, 
0.656586, 
0.661312, 
0.666012, 
0.670686, 
0.675333, 
0.679953, 
0.684547, 
0.689114, 
0.693653, 
0.698165, 
0.70265, 
0.707107, 
0.711536, 
0.715936, 
0.720309, 
0.724653, 
0.728969, 
0.733255, 
0.737513, 
0.741742, 
0.745941, 
0.750111, 
0.754251, 
0.758362, 
0.762443, 
0.766493, 
0.770513, 
0.774503, 
0.778462, 
0.782391, 
0.786288, 
0.790155, 
0.79399, 
0.797794, 
0.801567, 
0.805308, 
0.809017, 
0.812694, 
0.816339, 
0.819952, 
0.823533, 
0.827081, 
0.830596, 
0.834078, 
0.837528, 
0.840945, 
0.844328, 
0.847678, 
0.850994, 
0.854277, 
0.857527, 
0.860742, 
0.863923, 
0.867071, 
0.870184, 
0.873262, 
0.876307, 
0.879316, 
0.882291, 
0.885231, 
0.888136, 
0.891007, 
0.893841, 
0.896641, 
0.899405, 
0.902134, 
0.904827, 
0.907484, 
0.910106, 
0.912692, 
0.915241, 
0.917755, 
0.920232, 
0.922673, 
0.925077, 
0.927445, 
0.929776, 
0.932071, 
0.934329, 
0.93655, 
0.938734, 
0.940881, 
0.942991, 
0.945063, 
0.947098, 
0.949096, 
0.951057, 
0.952979, 
0.954865, 
0.956712, 
0.958522, 
0.960294, 
0.962028, 
0.963724, 
0.965382, 
0.967001, 
0.968583, 
0.970127, 
0.971632, 
0.973099, 
0.974527, 
0.975917, 
0.977268, 
0.978581, 
0.979855, 
0.981091, 
0.982287, 
0.983445, 
0.984564, 
0.985645, 
0.986686, 
0.987688, 
0.988652, 
0.989576, 
0.990461, 
0.991308, 
0.992115, 
0.992883, 
0.993611, 
0.994301, 
0.994951, 
0.995562, 
0.996134, 
0.996666, 
0.997159, 
0.997613, 
0.998027, 
0.998402, 
0.998737, 
0.999033, 
0.999289, 
0.999507, 
0.999684, 
0.999822, 
0.999921, 
0.99998, 
-1, 
-0.99998, 
-0.999921, 
-0.999822, 
-0.999684, 
-0.999507, 
-0.999289, 
-0.999033, 
-0.998737, 
-0.998402, 
-0.998027, 
-0.997613, 
-0.997159, 
-0.996666, 
-0.996134, 
-0.995562, 
-0.994951, 
-0.994301, 
-0.993611, 
-0.992883, 
-0.992115, 
-0.991308, 
-0.990461, 
-0.989576, 
-0.988652, 
-0.987688, 
-0.986686, 
-0.985645, 
-0.984564, 
-0.983445, 
-0.982287, 
-0.981091, 
-0.979855, 
-0.978581, 
-0.977268, 
-0.975917, 
-0.974527, 
-0.973099, 
-0.971632, 
-0.970127, 
-0.968583, 
-0.967001, 
-0.965382, 
-0.963724, 
-0.962028, 
-0.960294, 
-0.958522, 
-0.956712, 
-0.954865, 
-0.952979, 
-0.951057, 
-0.949096, 
-0.947098, 
-0.945063, 
-0.942991, 
-0.940881, 
-0.938734, 
-0.93655, 
-0.934329, 
-0.932071, 
-0.929776, 
-0.927445, 
-0.925077, 
-0.922673, 
-0.920232, 
-0.917755, 
-0.915241, 
-0.912692, 
-0.910106, 
-0.907484, 
-0.904827, 
-0.902134, 
-0.899405, 
-0.896641, 
-0.893841, 
-0.891007, 
-0.888136, 
-0.885231, 
-0.882291, 
-0.879316, 
-0.876307, 
-0.873262, 
-0.870184, 
-0.867071, 
-0.863923, 
-0.860742, 
-0.857527, 
-0.854277, 
-0.850994, 
-0.847678, 
-0.844328, 
-0.840945, 
-0.837528, 
-0.834078, 
-0.830596, 
-0.827081, 
-0.823533, 
-0.819952, 
-0.816339, 
-0.812694, 
-0.809017, 
-0.805308, 
-0.801567, 
-0.797794, 
-0.79399, 
-0.790155, 
-0.786288, 
-0.782391, 
-0.778462, 
-0.774503, 
-0.770513, 
-0.766493, 
-0.762443, 
-0.758362, 
-0.754251, 
-0.750111, 
-0.745941, 
-0.741742, 
-0.737513, 
-0.733255, 
-0.728969, 
-0.724653, 
-0.720309, 
-0.715936, 
-0.711536, 
-0.707107, 
-0.70265, 
-0.698165, 
-0.693653, 
-0.689114, 
-0.684547, 
-0.679953, 
-0.675333, 
-0.670686, 
-0.666012, 
-0.661312, 
-0.656586, 
-0.651834, 
-0.647056, 
-0.642253, 
-0.637424, 
-0.63257, 
-0.627691, 
-0.622788, 
-0.61786, 
-0.612907, 
-0.60793, 
-0.60293, 
-0.597905, 
-0.592857, 
-0.587785, 
-0.58269, 
-0.577573, 
-0.572432, 
-0.567269, 
-0.562083, 
-0.556876, 
-0.551646, 
-0.546394, 
-0.541121, 
-0.535827, 
-0.530511, 
-0.525175, 
-0.519817, 
-0.51444, 
-0.509041, 
-0.503623, 
-0.498185, 
-0.492727, 
-0.48725, 
-0.481754, 
-0.476238, 
-0.470704, 
-0.465151, 
-0.45958, 
-0.45399, 
-0.448383, 
-0.442758, 
-0.437116, 
-0.431456, 
-0.425779, 
-0.420086, 
-0.414376, 
-0.408649, 
-0.402906, 
-0.397148, 
-0.391374, 
-0.385584, 
-0.379779, 
-0.373959, 
-0.368125, 
-0.362275, 
-0.356412, 
-0.350534, 
-0.344643, 
-0.338738, 
-0.33282, 
-0.326888, 
-0.320944, 
-0.314987, 
-0.309017, 
-0.303035, 
-0.297042, 
-0.291036, 
-0.285019, 
-0.278991, 
-0.272952, 
-0.266902, 
-0.260842, 
-0.254771, 
-0.24869, 
-0.242599, 
-0.236499, 
-0.230389, 
-0.224271, 
-0.218143, 
-0.212007, 
-0.205863, 
-0.19971, 
-0.193549, 
-0.187381, 
-0.181206, 
-0.175023, 
-0.168833, 
-0.162637, 
-0.156434, 
-0.150226, 
-0.144011, 
-0.13779, 
-0.131564, 
-0.125333, 
-0.119097, 
-0.112856, 
-0.106611, 
-0.100362, 
-0.0941083, 
-0.0878512, 
-0.0815906, 
-0.0753268, 
-0.06906, 
-0.0627905, 
-0.0565185, 
-0.0502443, 
-0.0439681, 
-0.0376902, 
-0.0314108, 
-0.0251301, 
-0.0188484, 
-0.012566, 
-0.00628314, 
-0.866025, 
0.985879, 
0.923121, 
0.893389, 
0.884424, 
0.883332, 
0.884925, 
0.887393, 
0.890126, 
0.892924, 
0.89572, 
0.89849, 
0.901229, 
0.903934, 
0.906603, 
0.909236, 
0.911834, 
0.914395, 
0.916921, 
0.91941, 
0.921863, 
0.92428, 
0.92666, 
0.929003, 
0.93131, 
0.93358, 
0.935814, 
0.93801, 
0.940169, 
0.942291, 
0.944376, 
0.946424, 
0.948434, 
0.950407, 
0.952343, 
0.95424, 
-0.224271, 
0.918308, 
0.998642, 
0.979871, 
0.969793, 
0.967063, 
0.9672, 
0.9683, 
0.969694, 
0.97116, 
0.972622, 
0.974058, 
0.975459, 
0.976822, 
0.978148, 
0.979435, 
0.980683, 
0.981893, 
0.983064, 
0.984196, 
0.985289, 
0.986343, 
0.987359, 
0.988335, 
0.989272, 
0.990171, 
0.99103, 
0.99185, 
0.992631, 
0.993373, 
0.994075, 
0.994739, 
0.995363, 
0.995947, 
0.996493, 
0.996999, 
-0.437116, 
0.806135, 
0.984888, 
0.999682, 
0.999796, 
0.999514, 
0.999531, 
0.999655, 
0.999787, 
0.999894, 
0.999965, 
0.999998, 
0.999991, 
0.999945, 
0.99986, 
0.999735, 
0.99957, 
0.999366, 
0.999123, 
0.99884, 
0.998518, 
0.998156, 
0.997755, 
0.997314, 
0.996835, 
0.996315, 
0.995757, 
0.995159, 
0.994522, 
0.993845, 
0.99313, 
0.992375, 
0.991581, 
0.990748, 
0.989876, 
0.988964, 
0.988014, 
0.987024, 
0.985996, 
0.984929, 
0.983823, 
0.982678, 
0.981494, 
0.980271, 
0.97901, 
0.97771, 
0.976371, 
0.974994, 
0.973579, 
0.972125, 
0.970633, 
0.969102, 
0.967533, 
0.965926, 
0.964281, 
0.962597, 
0.960876, 
0.959117, 
0.957319, 
0.955485, 
0.953612, 
0.951702, 
0.949754, 
0.947768, 
0.945746, 
0.943686, 
0.941588, 
0.939454, 
0.937282, 
0.935073, 
0.932828, 
0.930545, 
0.928226, 
0.925871, 
0.923478, 
0.92105, 
0.918584, 
0.916083, 
0.913545, 
0.910972, 
0.908362, 
0.905717, 
0.903036, 
0.900319, 
0.897566, 
0.894779, 
0.891955, 
0.889097, 
0.886204, 
0.883275, 
0.880312, 
0.877314, 
0.874281, 
0.871214, 
0.868112, 
0.00209439, 
0.00837748, 
0.0146602, 
0.855364, 
0.663404, 
0.263087, 
0.117094, 
0.0718714, 
0.060941, 
0.0614772, 
0.0658363, 
0.0714677, 
0.0775212, 
0.0837132, 
0.0899491, 
0.0961971, 
0.102447, 
0.108694, 
0.114937, 
0.121176, 
0.127411, 
0.13364, 
0.139864, 
0.146083, 
0.152296, 
0.158503, 
0.164703, 
0.170897, 
0.177085, 
0.183265, 
0.189438, 
0.195604, 
0.201762, 
0.207912, 
0.214053, 
0.220187, 
0.226311, 
0.232427, 
0.238533, 
0.244631, 
0.250718, 
0.256795, 
0.262863, 
0.26892, 
0.274966, 
0.281002, 
0.287026, 
0.293039, 
0.299041, 
0.305031, 
0.311008, 
0.316974, 
0.322927, 
0.328867, 
0.334794, 
0.340708, 
0.346608, 
0.352495, 
0.358368, 
0.364227, 
0.370071, 
0.375901, 
0.381716, 
0.387516, 
0.3933, 
0.399069, 
0.404822, 
0.41056, 
0.416281, 
0.421985, 
0.427673, 
0.433345, 
0.438999, 
0.444635, 
0.450254, 
0.455856, 
0.461439, 
0.467004, 
0.472551, 
0.478079, 
0.483588, 
0.489078, 
0.494549, 
-0.5, 
-0.494549, 
-0.489078, 
-0.483588, 
-0.478079, 
-0.472551, 
-0.467004, 
-0.461439, 
-0.455856, 
-0.450254, 
-0.444635, 
-0.438999, 
-0.433345, 
-0.427673, 
-0.421985, 
-0.416281, 
-0.41056, 
-0.404822, 
-0.399069, 
-0.3933, 
-0.387516, 
-0.381716, 
-0.375901, 
-0.370071, 
-0.364227, 
-0.358368, 
-0.352495, 
-0.346608, 
-0.340708, 
-0.334794, 
-0.328867, 
-0.322927, 
-0.316974, 
-0.311008, 
-0.305031, 
-0.299041, 
-0.293039, 
-0.287026, 
-0.281002, 
-0.274966, 
-0.26892, 
-0.262863, 
-0.256795, 
-0.250718, 
-0.244631, 
-0.238533, 
-0.232427, 
-0.226311, 
-0.220187, 
-0.214053, 
-0.207912, 
-0.201762, 
-0.195604, 
-0.189438, 
-0.183265, 
-0.177085, 
-0.170897, 
-0.164703, 
-0.158503, 
-0.152296, 
-0.146083, 
-0.139864, 
-0.13364, 
-0.127411, 
-0.121176, 
-0.114937, 
-0.108693, 
-0.102445, 
-0.0961932, 
-0.0899373, 
-0.0836778, 
-0.0774151, 
-0.0711493, 
-0.0648806, 
-0.0586095, 
-0.052336, 
-0.0460604, 
-0.039783, 
-0.0335041, 
-0.0272238, 
-0.0209424, 
-0.0146602, 
-0.00837748, 
-0.00209439, 
0.00418878, 
0.0104718, 
0.0167544, 
0.0230363, 
0.0293173, 
0.0355972, 
0.0418757, 
0.0481525, 
0.0544274, 
0.0607001, 
0.0669705, 
0.0732382, 
0.079503, 
0.0857647, 
0.092023, 
0.0982777, 
0.104528, 
0.110775, 
0.117017, 
0.123255, 
0.129488, 
0.135716, 
0.141938, 
0.148155, 
0.154366, 
0.16057, 
0.166769, 
0.172961, 
0.179146, 
0.185324, 
0.191494, 
0.197657, 
0.203813, 
0.20996, 
0.216099, 
0.222229, 
0.228351, 
0.234463, 
0.240567, 
0.246661, 
0.252745, 
0.258819, 
0.264883, 
0.270936, 
0.276979, 
0.283011, 
0.289032, 
0.295041, 
0.301039, 
0.307024, 
0.312998, 
0.318959, 
0.324908, 
0.330844, 
0.336767, 
0.342676, 
0.348572, 
0.354454, 
0.360322, 
0.366176, 
0.372016, 
0.377841, 
0.383651, 
0.389445, 
0.395225, 
0.400989, 
0.406737, 
0.412469, 
0.418184, 
0.423883, 
0.429566, 
0.435231, 
0.440879, 
0.44651, 
0.452123, 
0.457719, 
0.463296, 
0.468855, 
0.474396, 
0.479917, 
0.48542, 
0.490904, 
0.496368, 
0.501813, 
0.507238, 
0.512642, 
0.518027, 
0.523391, 
0.528735, 
0.534057, 
0.539359, 
0.544639, 
0.549898, 
0.555135, 
0.56035, 
0.565543, 
0.570714, 
0.575862, 
0.580987, 
0.58609, 
0.591169, 
0.596225, 
0.601257, 
0.606266, 
0.611251, 
0.616211, 
0.621148, 
0.62606, 
0.630947, 
0.635809, 
0.640646, 
0.645458, 
0.650244, 
0.655005, 
0.659739, 
0.664448, 
0.669131, 
0.673787, 
0.678416, 
0.683019, 
0.687595, 
0.692143, 
0.696664, 
0.701158, 
0.705624, 
0.710062, 
0.714473, 
0.718855, 
0.723208, 
0.727533, 
0.73183, 
0.736097, 
0.740335, 
0.744545, 
0.748724, 
0.752875, 
0.756995, 
0.761086, 
0.765146, 
0.769177, 
0.773177, 
0.777146, 
0.781085, 
0.784993, 
0.78887, 
0.792715, 
0.79653, 
0.800313, 
0.804064, 
0.807784, 
0.811472, 
0.815128, 
0.818751, 
0.822343, 
0.825902, 
0.829428, 
0.832921, 
0.836382, 
0.839809, 
0.843204, 
0.846565, 
0.849893, 
0.853187, 
0.856447, 
0.859674, 
0.862867, 
0.642788, 
